
$orca_opt_file

$trust
    0.300000000000

$epredict
    0.000000000000

$ediffsc
  1000.000000000000

$ctyp
  4

$coordinates
 5 9
  -6.74755062   2.61759195  -0.00000000  -5.40533484   2.20086954   1.11697932
  -6.20629526   3.89997900  -1.13376009
  -6.77425356   2.60525780   0.00030472  -5.38926065   2.20118887   1.12455651
  -6.19566651   3.91199382  -1.14164200
  -6.79312120   2.59658636   0.00047246  -5.38370764   2.21376036   1.11356382
  -6.18235188   3.90809377  -1.13081704
  -6.80198807   2.59251182   0.00055061  -5.38244620   2.22252907   1.10460848
  -6.17474644   3.90339960  -1.12193986
  -6.80192779   2.59254052   0.00054899  -5.38279137   2.22318433   1.10372259
  -6.17446155   3.90271565  -1.12105235

# redundant internal coordinates
#  nbonds nangles ndihedrals nimpropers ncartesians
# bond  definitions A B
# angle definitions A B C
# dihedral definitions A B C D
# improper torsion definitions A B C D
# cartesian definitions A x/y/z
$redundant_internals
 2 1 0 0 0
   1   0   0
   2   0   0
   1   0   2   0   0
$energies
 5
 -76.3756887163613811
 -76.3766496014434182
 -76.3768564349653190
 -76.3768916971361023
 -76.3768924954073753

$gradients
 5 9
   0.0281812539536747   0.0130135486681985  -0.0003368736892682  -0.0171832828959135
   0.0001788827778506  -0.0086844285699904  -0.0109979710583963  -0.0131924314449730
   0.0090213022592438
   0.0077696895708003   0.0035479090799702  -0.0000592993054654  -0.0033903051250584
  -0.0027940665894037   0.0013635098509879  -0.0043793844448998  -0.0007538424895252
  -0.0013042105455484
   0.0010495833613635   0.0004619989481017  -0.0000017886169860   0.0000879083375283
  -0.0014899070652187   0.0016722392935701  -0.0011374917008122   0.0010279081177329
  -0.0016704506766171
  -0.0005458697951071  -0.0002687461833286   0.0000090318664183   0.0004363958409704
  -0.0001639893863975   0.0004091997104526   0.0001094739514393   0.0004327355695160
  -0.0004182315768549
  -0.0001148621330290  -0.0000694471357553   0.0000036931934902   0.0000973515303239
   0.0000000986591781   0.0000639062163629   0.0000175106003675   0.0000693484768941
  -0.0000675994098481

$redundant_coords
 5 3
   1.7952280011806316   1.7952397775950124   1.9106385922490399
   1.8290487016955208   1.8293070546658849   1.8776015450615673
   1.8362937426130852   1.8365475227519390   1.8410871399004261
   1.8360092996954558   1.8362580640629265   1.8207381902542805
   1.8350379149583567   1.8352826256313919   1.8200522532304571

$redundant_gradients
 5 3
  -0.0182979814328403  -0.0184309658122057   0.0108144577856770
  -0.0011187522544926  -0.0011025823342486   0.0081946499932143
   0.0013835234049876   0.0013929405408515   0.0032618066939670
   0.0006077259743654   0.0006107749263005   0.0001618410207785
   0.0001048907632143   0.0001055997220535  -0.0000048953443014

$hessian_approx
 9 9
                  0          1          2          3          4          5    
      0       0.404947   0.047476   0.147760  -0.312089   0.045592  -0.204023
      1       0.047476   0.315732  -0.321465   0.088809  -0.051137   0.099487
      2       0.147760  -0.321465   0.423969  -0.250835   0.078301  -0.209204
      3      -0.312089   0.088809  -0.250835   0.299162  -0.074876   0.229328
      4       0.045592  -0.051137   0.078301  -0.074876   0.051399  -0.092692
      5      -0.204023   0.099487  -0.209204   0.229328  -0.092692   0.213942
      6      -0.092858  -0.136286   0.103075   0.012925   0.029284  -0.025306
      7      -0.093069  -0.264595   0.243164  -0.013932  -0.000263  -0.006795
      8       0.056263   0.221979  -0.214765   0.021506   0.014391  -0.004737
                   6          7          8    
      0      -0.092858  -0.093069   0.056263
      1      -0.136286  -0.264595   0.221979
      2       0.103075   0.243164  -0.214765
      3       0.012925  -0.013932   0.021506
      4       0.029284  -0.000263   0.014391
      5      -0.025306  -0.006795  -0.004737
      6       0.079931   0.107001  -0.077769
      7       0.107001   0.264858  -0.236369
      8      -0.077769  -0.236369   0.219501

$bmatrix
 3 9
                  0          1          2          3          4          5    
      0      -0.773355   0.201280  -0.601172   0.773355  -0.201280   0.601172
      1      -0.341891  -0.713882   0.611133   0.000000   0.000000   0.000000
      2       0.781770   0.359358  -0.007017  -0.299531  -0.373513   0.260263
                   6          7          8    
      0       0.000000   0.000000   0.000000
      1       0.341891   0.713882  -0.611133
      2      -0.482239   0.014156  -0.253247

