
$orca_opt_file

$trust
    0.300000000000

$epredict
    0.000000000000

$ediffsc
  1000.000000000000

$ctyp
  4

$coordinates
 5 12
  -4.01362713   1.19245499  -0.00000000  -2.55836793   0.74064036   1.21104989
  -3.42679158   2.58283989  -1.22922906  -4.53260262  -0.38896233  -1.00913265

  -4.03251758   1.20033891   0.01285388  -2.57106511   0.74268241   1.17573004
  -3.42217046   2.54792754  -1.21585542  -4.50563611  -0.36397596  -1.00004031

  -4.04683664   1.20636342   0.02251531  -2.56991348   0.74159756   1.16656328
  -3.41770456   2.53973866  -1.21566997  -4.49693457  -0.36072673  -1.00072044

  -4.06713851   1.21490495   0.03613376  -2.56668108   0.73966921   1.15617532
  -3.41118803   2.53095527  -1.21685658  -4.48638163  -0.35855653  -1.00276432

  -4.06558040   1.21425201   0.03512237  -2.56659377   0.73973416   1.15752480
  -3.41168408   2.53213016  -1.21709202  -4.48753101  -0.35914342  -1.00286697


# redundant internal coordinates
#  nbonds nangles ndihedrals nimpropers ncartesians
# bond  definitions A B
# angle definitions A B C
# dihedral definitions A B C D
# improper torsion definitions A B C D
# cartesian definitions A x/y/z
$redundant_internals
 3 3 0 1 0
   1   0   0
   2   0   0
   3   0   0
   1   0   3   0   0
   2   0   3   0   0
   1   0   2   0   0
   1   3   2   0   0
$energies
 5
 -56.5074257516193512
 -56.5080378493052820
 -56.5081437561877493
 -56.5082019897585042
 -56.5082024659037785

$gradients
 5 12
   0.0004714657413455  -0.0000638079589153  -0.0002756959447487   0.0051709275712979
  -0.0012899368128887   0.0085884870098970   0.0002350117870177   0.0088762598477913
  -0.0047281841511611  -0.0058774050993324  -0.0075225150760306  -0.0035846069139882

   0.0050644324240704  -0.0021321863044090  -0.0033794229700784  -0.0022175835945444
   0.0008275939139521   0.0001236827350802  -0.0017634282396735  -0.0002695106076314
   0.0016880093888114  -0.0010834205891719   0.0015741029980544   0.0015677308462205

   0.0034229952698670  -0.0014458035530813  -0.0022823272889981  -0.0017659043362481
   0.0006257961441297  -0.0003671311038761  -0.0012162794393500  -0.0006400329501947
   0.0013943718816299  -0.0004408114941380   0.0014600403591730   0.0012550865112024

  -0.0001115234074991   0.0000474583457547   0.0000692067273199  -0.0000166171878258
  -0.0000065256684669  -0.0001870726311176   0.0000209832319727  -0.0001420569201331
   0.0000653433971267   0.0001071573635128   0.0001011242424692   0.0000525225066185

   0.0000138294016018  -0.0000044729742478  -0.0000068794710301   0.0000249698925003
  -0.0000102971885908  -0.0000253621588134  -0.0000177867131481   0.0000055730015633
   0.0000134776512213  -0.0000210125806640   0.0000091971611720   0.0000187639786582


$redundant_coords
 5 7
   1.9464217485751150   1.9464198439908444   1.9464236416907710   1.9106311663114779
   1.9106400429087240   1.9106345793085175   0.9553139416501464
   1.9229076299842363   1.9230822308571287   1.9227263996485064   1.8880531733659616
   1.8877031731929137   1.8880448687471694   1.0101427755773502
   1.9251376900760262   1.9253050304105239   1.9249340462410356   1.8741687467274661
   1.8737666486103401   1.8741112766483534   1.0421959160286074
   1.9317646332457303   1.9319017207360543   1.9315421464650102   1.8546296864543264
   1.8543654705691304   1.8544942445734180   1.0854088101143771
   1.9318165841097985   1.9319482627642119   1.9315893342484671   1.8563000029026726
   1.8559265475662574   1.8561693632592575   1.0818280268442630

$redundant_gradients
 5 7
   0.0094804575605487   0.0094093285608568   0.0095542544795945   0.0015844679888663
   0.0042560190296784   0.0015879415909797  -0.0053004682271402
  -0.0018284830717492  -0.0018183194040585  -0.0018277976062979   0.0007528553953695
   0.0019569517019513   0.0007660764603831  -0.0023002790639714
  -0.0017405754959238  -0.0017306336261507  -0.0017429559917625   0.0004243644014450
   0.0010857829785964   0.0004331672258668  -0.0012313541887118
  -0.0001303413961897  -0.0001276015939953  -0.0001277367897211  -0.0000590384684421
  -0.0001099063930138  -0.0000593996207987   0.0001457484271964
  -0.0000039514301062  -0.0000063223989345  -0.0000064957782507  -0.0000009484096091
   0.0000131272727637  -0.0000007984807768  -0.0000030791722959

$hessian_approx
 12 12
                  0          1          2          3          4          5    
      0       0.415054   0.138433   0.220054  -0.269662   0.031459  -0.146165
      1       0.138433   0.686444  -0.092436   0.027485  -0.162528   0.055987
      2       0.220054  -0.092436   0.597857  -0.201644   0.076492  -0.135552
      3      -0.269662   0.027485  -0.201644   0.249703  -0.035921   0.180771
      4       0.031459  -0.162528   0.076492  -0.035921   0.126041  -0.062601
      5      -0.146165   0.055987  -0.135552   0.180771  -0.062601   0.179710
      6      -0.112925  -0.147783   0.037280   0.034293   0.050753  -0.021606
      7      -0.106725  -0.203015   0.115890   0.012854  -0.004079   0.002937
      8       0.016943   0.154588  -0.249510   0.020149   0.022367  -0.024077
      9      -0.032467  -0.018134  -0.055690  -0.014334  -0.046289  -0.012998
     10      -0.063167  -0.320900  -0.099947  -0.004416   0.040565   0.003677
     11      -0.090830  -0.118138  -0.212795   0.000723  -0.036256  -0.020080
                  6          7          8          9         10         11    
      0      -0.112925  -0.106725   0.016943  -0.032467  -0.063167  -0.090830
      1      -0.147783  -0.203015   0.154588  -0.018134  -0.320900  -0.118138
      2       0.037280   0.115890  -0.249510  -0.055690  -0.099947  -0.212795
      3       0.034293   0.012854   0.020149  -0.014334  -0.004416   0.000723
      4       0.050753  -0.004079   0.022367  -0.046289   0.040565  -0.036256
      5      -0.021606   0.002937  -0.024077  -0.012998   0.003677  -0.020080
      6       0.093339   0.103194  -0.031552  -0.014705  -0.006162   0.015879
      7       0.103194   0.240281  -0.152489  -0.009322  -0.033187   0.033662
      8      -0.031552  -0.152489   0.222415  -0.005539  -0.024465   0.051173
      9      -0.014705  -0.009322  -0.005539   0.061507   0.073745   0.074228
     10      -0.006162  -0.033187  -0.024465   0.073745   0.313524   0.120734
     11       0.015879   0.033662   0.051173   0.074228   0.120734   0.181703

$bmatrix
 7 12
                  0          1          2          3          4          5    
      0      -0.775947   0.245633  -0.581009   0.775947  -0.245633   0.581009
      1      -0.338465  -0.682150   0.648161   0.000000   0.000000   0.000000
      2       0.218447   0.814560   0.537376   0.000000   0.000000   0.000000
      3       0.385515  -0.733076   0.030196  -0.000049   0.476765   0.201627
      4       0.082973  -0.091465  -0.819418   0.000000   0.000000   0.000000
      5       0.770397   0.301780  -0.046440  -0.300431  -0.330692   0.261424
      6      -1.077341   0.423584   0.305778   0.272375  -0.132502  -0.419779
                  6          7          8          9         10         11    
      0       0.000000   0.000000   0.000000   0.000000   0.000000   0.000000
      1       0.338465   0.682150  -0.648161   0.000000   0.000000   0.000000
      2       0.000000   0.000000   0.000000  -0.218447  -0.814560  -0.537376
      3       0.000000   0.000000   0.000000  -0.385466   0.256311  -0.231824
      4       0.066476   0.335869   0.388195  -0.149449  -0.244404   0.431223
      5      -0.469966   0.028912  -0.214985   0.000000   0.000000   0.000000
      6       0.402395  -0.145509   0.056988   0.402571  -0.145573   0.057013

